{
 "cells": [
  {
   "cell_type": "code",
   "execution_count": 1,
   "metadata": {},
   "outputs": [
    {
     "name": "stdout",
     "output_type": "stream",
     "text": [
      "\n",
      " --- This is a regression problem ---\n",
      "\n",
      "\n",
      " #--- calculating kernel matrix when depth = 0.0 ---#\n",
      "\n",
      " Loading dataset from file...\n",
      "\n",
      " Calculating kernel matrix, this could take a while...\n",
      "\n",
      " --- kernel matrix of path kernel up to 0 of size 185 built in 0.09047365188598633 seconds ---\n",
      "[[ 1.          1.          0.33333333 ...,  0.33333333  0.33333333\n",
      "   0.33333333]\n",
      " [ 1.          1.          0.33333333 ...,  0.33333333  0.33333333\n",
      "   0.33333333]\n",
      " [ 0.33333333  0.33333333  1.         ...,  1.          1.          1.        ]\n",
      " ..., \n",
      " [ 0.33333333  0.33333333  1.         ...,  1.          1.          1.        ]\n",
      " [ 0.33333333  0.33333333  1.         ...,  1.          1.          1.        ]\n",
      " [ 0.33333333  0.33333333  1.         ...,  1.          1.          1.        ]]\n",
      "\n",
      " Saving kernel matrix to file...\n",
      "\n",
      " Mean performance on train set: 43.616902\n",
      "With standard deviation: 2.132120\n",
      "\n",
      " Mean performance on test set: 41.620214\n",
      "With standard deviation: 6.453003\n",
      "\n",
      "\n",
      " #--- calculating kernel matrix when depth = 1.0 ---#\n",
      "\n",
      " Loading dataset from file...\n",
      "\n",
      " Calculating kernel matrix, this could take a while...\n",
      "\n",
      " --- kernel matrix of path kernel up to 1 of size 185 built in 0.1754138469696045 seconds ---\n",
      "[[ 1.          0.8         0.14285714 ...,  0.125       0.125       0.125     ]\n",
      " [ 0.8         1.          0.125      ...,  0.11111111  0.11111111\n",
      "   0.11111111]\n",
      " [ 0.14285714  0.125       1.         ...,  0.8         0.8         0.8       ]\n",
      " ..., \n",
      " [ 0.125       0.11111111  0.8        ...,  1.          1.          1.        ]\n",
      " [ 0.125       0.11111111  0.8        ...,  1.          1.          1.        ]\n",
      " [ 0.125       0.11111111  0.8        ...,  1.          1.          1.        ]]\n",
      "\n",
      " Saving kernel matrix to file...\n",
      "\n",
      " Mean performance on train set: 40.832861\n",
      "With standard deviation: 3.441465\n",
      "\n",
      " Mean performance on test set: 38.844613\n",
      "With standard deviation: 6.446482\n",
      "\n",
      "\n",
      " #--- calculating kernel matrix when depth = 2.0 ---#\n",
      "\n",
      " Loading dataset from file...\n",
      "\n",
      " Calculating kernel matrix, this could take a while...\n",
      "\n",
      " --- kernel matrix of path kernel up to 2 of size 185 built in 0.3448960781097412 seconds ---\n",
      "[[ 1.          0.5         0.11111111 ...,  0.07692308  0.07692308\n",
      "   0.07692308]\n",
      " [ 0.5         1.          0.09090909 ...,  0.06666667  0.06666667\n",
      "   0.06666667]\n",
      " [ 0.11111111  0.09090909  1.         ...,  0.55555556  0.55555556\n",
      "   0.55555556]\n",
      " ..., \n",
      " [ 0.07692308  0.06666667  0.55555556 ...,  1.          1.          1.        ]\n",
      " [ 0.07692308  0.06666667  0.55555556 ...,  1.          1.          1.        ]\n",
      " [ 0.07692308  0.06666667  0.55555556 ...,  1.          1.          1.        ]]\n",
      "\n",
      " Saving kernel matrix to file...\n",
      "\n",
      " Mean performance on train set: 35.746142\n",
      "With standard deviation: 1.611340\n",
      "\n",
      " Mean performance on test set: 35.291451\n",
      "With standard deviation: 4.781298\n",
      "\n",
      "\n",
      " #--- calculating kernel matrix when depth = 3.0 ---#\n",
      "\n",
      " Loading dataset from file...\n",
      "\n",
      " Calculating kernel matrix, this could take a while...\n",
      "\n",
      " --- kernel matrix of path kernel up to 3 of size 185 built in 0.5539388656616211 seconds ---\n",
      "[[ 1.          0.44444444  0.11111111 ...,  0.05555556  0.05555556\n",
      "   0.05555556]\n",
      " [ 0.44444444  1.          0.08333333 ...,  0.04761905  0.04761905\n",
      "   0.04761905]\n",
      " [ 0.11111111  0.08333333  1.         ...,  0.35714286  0.35714286\n",
      "   0.35714286]\n",
      " ..., \n",
      " [ 0.05555556  0.04761905  0.35714286 ...,  1.          1.          1.        ]\n",
      " [ 0.05555556  0.04761905  0.35714286 ...,  1.          1.          1.        ]\n",
      " [ 0.05555556  0.04761905  0.35714286 ...,  1.          1.          1.        ]]\n",
      "\n",
      " Saving kernel matrix to file...\n",
      "\n",
      " Mean performance on train set: 28.464581\n",
      "With standard deviation: 3.001371\n",
      "\n",
      " Mean performance on test set: 29.484499\n",
      "With standard deviation: 3.903507\n",
      "\n",
      "\n",
      " #--- calculating kernel matrix when depth = 4.0 ---#\n",
      "\n",
      " Loading dataset from file...\n",
      "\n",
      " Calculating kernel matrix, this could take a while...\n",
      "\n",
      " --- kernel matrix of path kernel up to 4 of size 185 built in 0.7706489562988281 seconds ---\n",
      "[[ 1.          0.44444444  0.11111111 ...,  0.04347826  0.04166667\n",
      "   0.04347826]\n",
      " [ 0.44444444  1.          0.08333333 ...,  0.03846154  0.03703704\n",
      "   0.03846154]\n",
      " [ 0.11111111  0.08333333  1.         ...,  0.26315789  0.25        0.26315789]\n",
      " ..., \n",
      " [ 0.04347826  0.03846154  0.26315789 ...,  1.          0.95        0.9       ]\n",
      " [ 0.04166667  0.03703704  0.25       ...,  0.95        1.          0.95      ]\n",
      " [ 0.04347826  0.03846154  0.26315789 ...,  0.9         0.95        1.        ]]\n",
      "\n",
      " Saving kernel matrix to file...\n",
      "\n",
      " Mean performance on train set: 19.251747\n",
      "With standard deviation: 3.428930\n",
      "\n",
      " Mean performance on test set: 22.669312\n",
      "With standard deviation: 6.280526\n",
      "\n",
      "\n",
      " #--- calculating kernel matrix when depth = 5.0 ---#\n",
      "\n",
      " Loading dataset from file...\n",
      "\n",
      " Calculating kernel matrix, this could take a while...\n",
      "\n",
      " --- kernel matrix of path kernel up to 5 of size 185 built in 1.015580415725708 seconds ---\n",
      "[[ 1.          0.44444444  0.11111111 ...,  0.03703704  0.03333333\n",
      "   0.03571429]\n",
      " [ 0.44444444  1.          0.08333333 ...,  0.03333333  0.03030303\n",
      "   0.03225806]\n",
      " [ 0.11111111  0.08333333  1.         ...,  0.2173913   0.19230769\n",
      "   0.20833333]\n",
      " ..., \n",
      " [ 0.03703704  0.03333333  0.2173913  ...,  1.          0.88461538\n",
      "   0.74074074]\n",
      " [ 0.03333333  0.03030303  0.19230769 ...,  0.88461538  1.          0.85185185]\n",
      " [ 0.03571429  0.03225806  0.20833333 ...,  0.74074074  0.85185185  1.        ]]\n",
      "\n",
      " Saving kernel matrix to file...\n",
      "\n",
      " Mean performance on train set: 16.886016\n",
      "With standard deviation: 2.605194\n",
      "\n",
      " Mean performance on test set: 21.795626\n",
      "With standard deviation: 5.522502\n",
      "\n",
      "\n",
      " #--- calculating kernel matrix when depth = 6.0 ---#\n",
      "\n",
      " Loading dataset from file...\n",
      "\n",
      " Calculating kernel matrix, this could take a while...\n",
      "\n",
      " --- kernel matrix of path kernel up to 6 of size 185 built in 1.3330223560333252 seconds ---\n",
      "[[ 1.          0.44444444  0.11111111 ...,  0.03333333  0.02857143\n",
      "   0.03030303]\n",
      " [ 0.44444444  1.          0.08333333 ...,  0.03030303  0.02631579\n",
      "   0.02777778]\n",
      " [ 0.11111111  0.08333333  1.         ...,  0.19230769  0.16129032\n",
      "   0.17241379]\n",
      " ..., \n",
      " [ 0.03333333  0.03030303  0.19230769 ...,  1.          0.83870968\n",
      "   0.57142857]\n",
      " [ 0.02857143  0.02631579  0.16129032 ...,  0.83870968  1.          0.71428571]\n",
      " [ 0.03030303  0.02777778  0.17241379 ...,  0.57142857  0.71428571  1.        ]]\n",
      "\n",
      " Saving kernel matrix to file...\n",
      "\n",
      " Mean performance on train set: 13.109746\n",
      "With standard deviation: 2.584308\n",
      "\n",
      " Mean performance on test set: 20.604920\n",
      "With standard deviation: 5.499831\n",
      "\n",
      "\n",
      " #--- calculating kernel matrix when depth = 7.0 ---#\n",
      "\n",
      " Loading dataset from file...\n",
      "\n",
      " Calculating kernel matrix, this could take a while...\n",
      "\n",
      " --- kernel matrix of path kernel up to 7 of size 185 built in 1.602663278579712 seconds ---\n",
      "[[ 1.          0.44444444  0.11111111 ...,  0.03125     0.02564103\n",
      "   0.02631579]\n",
      " [ 0.44444444  1.          0.08333333 ...,  0.02857143  0.02380952\n",
      "   0.02439024]\n",
      " [ 0.11111111  0.08333333  1.         ...,  0.17857143  0.14285714\n",
      "   0.14705882]\n",
      " ..., \n",
      " [ 0.03125     0.02857143  0.17857143 ...,  1.          0.8         0.47619048]\n",
      " [ 0.02564103  0.02380952  0.14285714 ...,  0.8         1.          0.56818182]\n",
      " [ 0.02631579  0.02439024  0.14705882 ...,  0.47619048  0.56818182  1.        ]]\n",
      "\n",
      " Saving kernel matrix to file...\n",
      "\n",
      " Mean performance on train set: 12.015210\n",
      "With standard deviation: 2.592798\n",
      "\n",
      " Mean performance on test set: 20.347932\n",
      "With standard deviation: 5.176314\n",
      "\n",
      "\n",
      " #--- calculating kernel matrix when depth = 8.0 ---#\n",
      "\n",
      " Loading dataset from file...\n",
      "\n",
      " Calculating kernel matrix, this could take a while...\n",
      "\n",
      " --- kernel matrix of path kernel up to 8 of size 185 built in 1.8121819496154785 seconds ---\n",
      "[[ 1.          0.44444444  0.11111111 ...,  0.03030303  0.02439024\n",
      "   0.02325581]\n",
      " [ 0.44444444  1.          0.08333333 ...,  0.02777778  0.02272727\n",
      "   0.02173913]\n",
      " [ 0.11111111  0.08333333  1.         ...,  0.17241379  0.13513514\n",
      "   0.12820513]\n",
      " ..., \n",
      " [ 0.03030303  0.02777778  0.17241379 ...,  1.          0.73684211\n",
      "   0.41666667]\n",
      " [ 0.02439024  0.02272727  0.13513514 ...,  0.73684211  1.          0.49019608]\n",
      " [ 0.02325581  0.02173913  0.12820513 ...,  0.41666667  0.49019608  1.        ]]\n",
      "\n",
      " Saving kernel matrix to file...\n",
      "\n",
      " Mean performance on train set: 10.798096\n",
      "With standard deviation: 2.130816\n",
      "\n",
      " Mean performance on test set: 19.822797\n",
      "With standard deviation: 5.137687\n",
      "\n",
      "\n",
      " #--- calculating kernel matrix when depth = 9.0 ---#\n",
      "\n",
      " Loading dataset from file...\n",
      "\n",
      " Calculating kernel matrix, this could take a while...\n"
     ]
    },
    {
     "name": "stdout",
     "output_type": "stream",
     "text": [
      "\n",
      " --- kernel matrix of path kernel up to 9 of size 185 built in 2.2172586917877197 seconds ---\n",
      "[[ 1.          0.44444444  0.11111111 ...,  0.03030303  0.02439024\n",
      "   0.0212766 ]\n",
      " [ 0.44444444  1.          0.08333333 ...,  0.02777778  0.02272727  0.02      ]\n",
      " [ 0.11111111  0.08333333  1.         ...,  0.17241379  0.13513514\n",
      "   0.11627907]\n",
      " ..., \n",
      " [ 0.03030303  0.02777778  0.17241379 ...,  1.          0.73684211\n",
      "   0.38461538]\n",
      " [ 0.02439024  0.02272727  0.13513514 ...,  0.73684211  1.          0.45454545]\n",
      " [ 0.0212766   0.02        0.11627907 ...,  0.38461538  0.45454545  1.        ]]\n",
      "\n",
      " Saving kernel matrix to file...\n",
      "\n",
      " Mean performance on train set: 10.799656\n",
      "With standard deviation: 2.095494\n",
      "\n",
      " Mean performance on test set: 19.873364\n",
      "With standard deviation: 5.103689\n",
      "\n",
      "\n",
      " #--- calculating kernel matrix when depth = 10.0 ---#\n",
      "\n",
      " Loading dataset from file...\n",
      "\n",
      " Calculating kernel matrix, this could take a while...\n",
      "\n",
      " --- kernel matrix of path kernel up to 10 of size 185 built in 2.4100613594055176 seconds ---\n",
      "[[ 1.          0.44444444  0.11111111 ...,  0.03030303  0.02439024\n",
      "   0.02040816]\n",
      " [ 0.44444444  1.          0.08333333 ...,  0.02777778  0.02272727\n",
      "   0.01923077]\n",
      " [ 0.11111111  0.08333333  1.         ...,  0.17241379  0.13513514\n",
      "   0.11111111]\n",
      " ..., \n",
      " [ 0.03030303  0.02777778  0.17241379 ...,  1.          0.73684211\n",
      "   0.37037037]\n",
      " [ 0.02439024  0.02272727  0.13513514 ...,  0.73684211  1.          0.43859649]\n",
      " [ 0.02040816  0.01923077  0.11111111 ...,  0.37037037  0.43859649  1.        ]]\n",
      "\n",
      " Saving kernel matrix to file...\n",
      "\n",
      " Mean performance on train set: 10.778685\n",
      "With standard deviation: 2.100015\n",
      "\n",
      " Mean performance on test set: 19.870809\n",
      "With standard deviation: 5.092173\n",
      "\n",
      "\n",
      " #--- calculating kernel matrix when depth = 11.0 ---#\n",
      "\n",
      " Loading dataset from file...\n",
      "\n",
      " Calculating kernel matrix, this could take a while...\n",
      "\n",
      " --- kernel matrix of path kernel up to 11 of size 185 built in 2.7440149784088135 seconds ---\n",
      "[[ 1.          0.44444444  0.11111111 ...,  0.03030303  0.02439024\n",
      "   0.02040816]\n",
      " [ 0.44444444  1.          0.08333333 ...,  0.02777778  0.02272727\n",
      "   0.01923077]\n",
      " [ 0.11111111  0.08333333  1.         ...,  0.17241379  0.13513514\n",
      "   0.11111111]\n",
      " ..., \n",
      " [ 0.03030303  0.02777778  0.17241379 ...,  1.          0.73684211\n",
      "   0.37037037]\n",
      " [ 0.02439024  0.02272727  0.13513514 ...,  0.73684211  1.          0.43859649]\n",
      " [ 0.02040816  0.01923077  0.11111111 ...,  0.37037037  0.43859649  1.        ]]\n",
      "\n",
      " Saving kernel matrix to file...\n",
      "\n",
      " Mean performance on train set: 10.778685\n",
      "With standard deviation: 2.100015\n",
      "\n",
      " Mean performance on test set: 19.870809\n",
      "With standard deviation: 5.092173\n",
      "\n",
      "\n",
      " #--- calculating kernel matrix when depth = 12.0 ---#\n",
      "\n",
      " Loading dataset from file...\n",
      "\n",
      " Calculating kernel matrix, this could take a while...\n",
      "\n",
      " --- kernel matrix of path kernel up to 12 of size 185 built in 2.723442316055298 seconds ---\n",
      "[[ 1.          0.44444444  0.11111111 ...,  0.03030303  0.02439024\n",
      "   0.02040816]\n",
      " [ 0.44444444  1.          0.08333333 ...,  0.02777778  0.02272727\n",
      "   0.01923077]\n",
      " [ 0.11111111  0.08333333  1.         ...,  0.17241379  0.13513514\n",
      "   0.11111111]\n",
      " ..., \n",
      " [ 0.03030303  0.02777778  0.17241379 ...,  1.          0.73684211\n",
      "   0.37037037]\n",
      " [ 0.02439024  0.02272727  0.13513514 ...,  0.73684211  1.          0.43859649]\n",
      " [ 0.02040816  0.01923077  0.11111111 ...,  0.37037037  0.43859649  1.        ]]\n",
      "\n",
      " Saving kernel matrix to file...\n",
      "\n",
      " Mean performance on train set: 10.778685\n",
      "With standard deviation: 2.100015\n",
      "\n",
      " Mean performance on test set: 19.870809\n",
      "With standard deviation: 5.092173\n",
      "\n",
      "\n",
      " #--- calculating kernel matrix when depth = 13.0 ---#\n",
      "\n",
      " Loading dataset from file...\n",
      "\n",
      " Calculating kernel matrix, this could take a while...\n",
      "\n",
      " --- kernel matrix of path kernel up to 13 of size 185 built in 2.6163382530212402 seconds ---\n",
      "[[ 1.          0.44444444  0.11111111 ...,  0.03030303  0.02439024\n",
      "   0.02040816]\n",
      " [ 0.44444444  1.          0.08333333 ...,  0.02777778  0.02272727\n",
      "   0.01923077]\n",
      " [ 0.11111111  0.08333333  1.         ...,  0.17241379  0.13513514\n",
      "   0.11111111]\n",
      " ..., \n",
      " [ 0.03030303  0.02777778  0.17241379 ...,  1.          0.73684211\n",
      "   0.37037037]\n",
      " [ 0.02439024  0.02272727  0.13513514 ...,  0.73684211  1.          0.43859649]\n",
      " [ 0.02040816  0.01923077  0.11111111 ...,  0.37037037  0.43859649  1.        ]]\n",
      "\n",
      " Saving kernel matrix to file...\n",
      "\n",
      " Mean performance on train set: 10.778685\n",
      "With standard deviation: 2.100015\n",
      "\n",
      " Mean performance on test set: 19.870809\n",
      "With standard deviation: 5.092173\n",
      "\n",
      "\n",
      " #--- calculating kernel matrix when depth = 14.0 ---#\n",
      "\n",
      " Loading dataset from file...\n",
      "\n",
      " Calculating kernel matrix, this could take a while...\n",
      "\n",
      " --- kernel matrix of path kernel up to 14 of size 185 built in 2.629500389099121 seconds ---\n",
      "[[ 1.          0.44444444  0.11111111 ...,  0.03030303  0.02439024\n",
      "   0.02040816]\n",
      " [ 0.44444444  1.          0.08333333 ...,  0.02777778  0.02272727\n",
      "   0.01923077]\n",
      " [ 0.11111111  0.08333333  1.         ...,  0.17241379  0.13513514\n",
      "   0.11111111]\n",
      " ..., \n",
      " [ 0.03030303  0.02777778  0.17241379 ...,  1.          0.73684211\n",
      "   0.37037037]\n",
      " [ 0.02439024  0.02272727  0.13513514 ...,  0.73684211  1.          0.43859649]\n",
      " [ 0.02040816  0.01923077  0.11111111 ...,  0.37037037  0.43859649  1.        ]]\n",
      "\n",
      " Saving kernel matrix to file...\n",
      "\n",
      " Mean performance on train set: 10.778685\n",
      "With standard deviation: 2.100015\n",
      "\n",
      " Mean performance on test set: 19.870809\n",
      "With standard deviation: 5.092173\n",
      "\n",
      "\n",
      " #--- calculating kernel matrix when depth = 15.0 ---#\n",
      "\n",
      " Loading dataset from file...\n",
      "\n",
      " Calculating kernel matrix, this could take a while...\n",
      "\n",
      " --- kernel matrix of path kernel up to 15 of size 185 built in 2.664158821105957 seconds ---\n",
      "[[ 1.          0.44444444  0.11111111 ...,  0.03030303  0.02439024\n",
      "   0.02040816]\n",
      " [ 0.44444444  1.          0.08333333 ...,  0.02777778  0.02272727\n",
      "   0.01923077]\n",
      " [ 0.11111111  0.08333333  1.         ...,  0.17241379  0.13513514\n",
      "   0.11111111]\n",
      " ..., \n",
      " [ 0.03030303  0.02777778  0.17241379 ...,  1.          0.73684211\n",
      "   0.37037037]\n",
      " [ 0.02439024  0.02272727  0.13513514 ...,  0.73684211  1.          0.43859649]\n",
      " [ 0.02040816  0.01923077  0.11111111 ...,  0.37037037  0.43859649  1.        ]]\n",
      "\n",
      " Saving kernel matrix to file...\n",
      "\n",
      " Mean performance on train set: 10.778685\n",
      "With standard deviation: 2.100015\n",
      "\n",
      " Mean performance on test set: 19.870809\n",
      "With standard deviation: 5.092173\n",
      "\n",
      "\n",
      " #--- calculating kernel matrix when depth = 16.0 ---#\n",
      "\n",
      " Loading dataset from file...\n",
      "\n",
      " Calculating kernel matrix, this could take a while...\n",
      "\n",
      " --- kernel matrix of path kernel up to 16 of size 185 built in 2.7301340103149414 seconds ---\n",
      "[[ 1.          0.44444444  0.11111111 ...,  0.03030303  0.02439024\n",
      "   0.02040816]\n",
      " [ 0.44444444  1.          0.08333333 ...,  0.02777778  0.02272727\n",
      "   0.01923077]\n",
      " [ 0.11111111  0.08333333  1.         ...,  0.17241379  0.13513514\n",
      "   0.11111111]\n",
      " ..., \n",
      " [ 0.03030303  0.02777778  0.17241379 ...,  1.          0.73684211\n",
      "   0.37037037]\n",
      " [ 0.02439024  0.02272727  0.13513514 ...,  0.73684211  1.          0.43859649]\n",
      " [ 0.02040816  0.01923077  0.11111111 ...,  0.37037037  0.43859649  1.        ]]\n",
      "\n",
      " Saving kernel matrix to file...\n",
      "\n",
      " Mean performance on train set: 10.778685\n",
      "With standard deviation: 2.100015\n",
      "\n",
      " Mean performance on test set: 19.870809\n",
      "With standard deviation: 5.092173\n",
      "\n",
      "\n",
      " #--- calculating kernel matrix when depth = 17.0 ---#\n",
      "\n",
      " Loading dataset from file...\n",
      "\n",
      " Calculating kernel matrix, this could take a while...\n",
      "\n",
      " --- kernel matrix of path kernel up to 17 of size 185 built in 2.6328580379486084 seconds ---\n",
      "[[ 1.          0.44444444  0.11111111 ...,  0.03030303  0.02439024\n",
      "   0.02040816]\n",
      " [ 0.44444444  1.          0.08333333 ...,  0.02777778  0.02272727\n",
      "   0.01923077]\n",
      " [ 0.11111111  0.08333333  1.         ...,  0.17241379  0.13513514\n",
      "   0.11111111]\n",
      " ..., \n",
      " [ 0.03030303  0.02777778  0.17241379 ...,  1.          0.73684211\n",
      "   0.37037037]\n",
      " [ 0.02439024  0.02272727  0.13513514 ...,  0.73684211  1.          0.43859649]\n",
      " [ 0.02040816  0.01923077  0.11111111 ...,  0.37037037  0.43859649  1.        ]]\n",
      "\n",
      " Saving kernel matrix to file...\n",
      "\n",
      " Mean performance on train set: 10.778685\n",
      "With standard deviation: 2.100015\n",
      "\n",
      " Mean performance on test set: 19.870809\n",
      "With standard deviation: 5.092173\n",
      "\n",
      "\n",
      " #--- calculating kernel matrix when depth = 18.0 ---#\n",
      "\n",
      " Loading dataset from file...\n",
      "\n",
      " Calculating kernel matrix, this could take a while...\n"
     ]
    },
    {
     "name": "stdout",
     "output_type": "stream",
     "text": [
      "\n",
      " --- kernel matrix of path kernel up to 18 of size 185 built in 2.592944383621216 seconds ---\n",
      "[[ 1.          0.44444444  0.11111111 ...,  0.03030303  0.02439024\n",
      "   0.02040816]\n",
      " [ 0.44444444  1.          0.08333333 ...,  0.02777778  0.02272727\n",
      "   0.01923077]\n",
      " [ 0.11111111  0.08333333  1.         ...,  0.17241379  0.13513514\n",
      "   0.11111111]\n",
      " ..., \n",
      " [ 0.03030303  0.02777778  0.17241379 ...,  1.          0.73684211\n",
      "   0.37037037]\n",
      " [ 0.02439024  0.02272727  0.13513514 ...,  0.73684211  1.          0.43859649]\n",
      " [ 0.02040816  0.01923077  0.11111111 ...,  0.37037037  0.43859649  1.        ]]\n",
      "\n",
      " Saving kernel matrix to file...\n",
      "\n",
      " Mean performance on train set: 10.778685\n",
      "With standard deviation: 2.100015\n",
      "\n",
      " Mean performance on test set: 19.870809\n",
      "With standard deviation: 5.092173\n",
      "\n",
      "\n",
      " #--- calculating kernel matrix when depth = 19.0 ---#\n",
      "\n",
      " Loading dataset from file...\n",
      "\n",
      " Calculating kernel matrix, this could take a while...\n",
      "\n",
      " --- kernel matrix of path kernel up to 19 of size 185 built in 2.6368520259857178 seconds ---\n",
      "[[ 1.          0.44444444  0.11111111 ...,  0.03030303  0.02439024\n",
      "   0.02040816]\n",
      " [ 0.44444444  1.          0.08333333 ...,  0.02777778  0.02272727\n",
      "   0.01923077]\n",
      " [ 0.11111111  0.08333333  1.         ...,  0.17241379  0.13513514\n",
      "   0.11111111]\n",
      " ..., \n",
      " [ 0.03030303  0.02777778  0.17241379 ...,  1.          0.73684211\n",
      "   0.37037037]\n",
      " [ 0.02439024  0.02272727  0.13513514 ...,  0.73684211  1.          0.43859649]\n",
      " [ 0.02040816  0.01923077  0.11111111 ...,  0.37037037  0.43859649  1.        ]]\n",
      "\n",
      " Saving kernel matrix to file...\n",
      "\n",
      " Mean performance on train set: 10.778685\n",
      "With standard deviation: 2.100015\n",
      "\n",
      " Mean performance on test set: 19.870809\n",
      "With standard deviation: 5.092173\n",
      "\n",
      "\n",
      " #--- calculating kernel matrix when depth = 20.0 ---#\n",
      "\n",
      " Loading dataset from file...\n",
      "\n",
      " Calculating kernel matrix, this could take a while...\n",
      "\n",
      " --- kernel matrix of path kernel up to 20 of size 185 built in 2.52734375 seconds ---\n",
      "[[ 1.          0.44444444  0.11111111 ...,  0.03030303  0.02439024\n",
      "   0.02040816]\n",
      " [ 0.44444444  1.          0.08333333 ...,  0.02777778  0.02272727\n",
      "   0.01923077]\n",
      " [ 0.11111111  0.08333333  1.         ...,  0.17241379  0.13513514\n",
      "   0.11111111]\n",
      " ..., \n",
      " [ 0.03030303  0.02777778  0.17241379 ...,  1.          0.73684211\n",
      "   0.37037037]\n",
      " [ 0.02439024  0.02272727  0.13513514 ...,  0.73684211  1.          0.43859649]\n",
      " [ 0.02040816  0.01923077  0.11111111 ...,  0.37037037  0.43859649  1.        ]]\n",
      "\n",
      " Saving kernel matrix to file...\n",
      "\n",
      " Mean performance on train set: 10.778685\n",
      "With standard deviation: 2.100015\n",
      "\n",
      " Mean performance on test set: 19.870809\n",
      "With standard deviation: 5.092173\n",
      "\n",
      "\n",
      "  depth    rmse_test    std_test    rmse_train    std_train     k_time\n",
      "-------  -----------  ----------  ------------  -----------  ---------\n",
      "      0      41.6202     6.453         43.6169      2.13212  0.0904737\n",
      "      1      38.8446     6.44648       40.8329      3.44147  0.175414\n",
      "      2      35.2915     4.7813        35.7461      1.61134  0.344896\n",
      "      3      29.4845     3.90351       28.4646      3.00137  0.553939\n",
      "      4      22.6693     6.28053       19.2517      3.42893  0.770649\n",
      "      5      21.7956     5.5225        16.886       2.60519  1.01558\n",
      "      6      20.6049     5.49983       13.1097      2.58431  1.33302\n",
      "      7      20.3479     5.17631       12.0152      2.5928   1.60266\n",
      "      8      19.8228     5.13769       10.7981      2.13082  1.81218\n",
      "      9      19.8734     5.10369       10.7997      2.09549  2.21726\n",
      "     10      19.8708     5.09217       10.7787      2.10002  2.41006\n",
      "     11      19.8708     5.09217       10.7787      2.10002  2.74401\n",
      "     12      19.8708     5.09217       10.7787      2.10002  2.72344\n",
      "     13      19.8708     5.09217       10.7787      2.10002  2.61634\n",
      "     14      19.8708     5.09217       10.7787      2.10002  2.6295\n",
      "     15      19.8708     5.09217       10.7787      2.10002  2.66416\n",
      "     16      19.8708     5.09217       10.7787      2.10002  2.73013\n",
      "     17      19.8708     5.09217       10.7787      2.10002  2.63286\n",
      "     18      19.8708     5.09217       10.7787      2.10002  2.59294\n",
      "     19      19.8708     5.09217       10.7787      2.10002  2.63685\n",
      "     20      19.8708     5.09217       10.7787      2.10002  2.52734\n",
      "\n",
      " --- This is a regression problem ---\n",
      "\n",
      "\n",
      " #--- calculating kernel matrix when depth = 0.0 ---#\n",
      "\n",
      " Loading dataset from file...\n",
      "\n",
      " Calculating kernel matrix, this could take a while...\n",
      "\n",
      " --- kernel matrix of path kernel up to 0 of size 185 built in 0.1027534008026123 seconds ---\n",
      "[[ 1.          1.          0.33333333 ...,  0.33333333  0.33333333\n",
      "   0.33333333]\n",
      " [ 1.          1.          0.33333333 ...,  0.33333333  0.33333333\n",
      "   0.33333333]\n",
      " [ 0.33333333  0.33333333  1.         ...,  1.          1.          1.        ]\n",
      " ..., \n",
      " [ 0.33333333  0.33333333  1.         ...,  1.          1.          1.        ]\n",
      " [ 0.33333333  0.33333333  1.         ...,  1.          1.          1.        ]\n",
      " [ 0.33333333  0.33333333  1.         ...,  1.          1.          1.        ]]\n",
      "\n",
      " Saving kernel matrix to file...\n",
      "\n",
      " Mean performance on train set: 42.787136\n",
      "With standard deviation: 0.675806\n",
      "\n",
      " Mean performance on test set: 42.645892\n",
      "With standard deviation: 6.560629\n",
      "\n",
      "\n",
      " #--- calculating kernel matrix when depth = 1.0 ---#\n",
      "\n",
      " Loading dataset from file...\n",
      "\n",
      " Calculating kernel matrix, this could take a while...\n",
      "\n",
      " --- kernel matrix of path kernel up to 1 of size 185 built in 0.18301701545715332 seconds ---\n",
      "[[ 1.          0.8         0.14285714 ...,  0.125       0.125       0.125     ]\n",
      " [ 0.8         1.          0.125      ...,  0.11111111  0.11111111\n",
      "   0.11111111]\n",
      " [ 0.14285714  0.125       1.         ...,  0.8         0.8         0.8       ]\n",
      " ..., \n",
      " [ 0.125       0.11111111  0.8        ...,  1.          1.          1.        ]\n",
      " [ 0.125       0.11111111  0.8        ...,  1.          1.          1.        ]\n",
      " [ 0.125       0.11111111  0.8        ...,  1.          1.          1.        ]]\n",
      "\n",
      " Saving kernel matrix to file...\n",
      "\n",
      " Mean performance on train set: 38.880117\n",
      "With standard deviation: 0.623999\n",
      "\n",
      " Mean performance on test set: 39.174317\n",
      "With standard deviation: 6.195371\n",
      "\n",
      "\n",
      " #--- calculating kernel matrix when depth = 2.0 ---#\n",
      "\n",
      " Loading dataset from file...\n",
      "\n",
      " Calculating kernel matrix, this could take a while...\n",
      "\n",
      " --- kernel matrix of path kernel up to 2 of size 185 built in 0.33235955238342285 seconds ---\n",
      "[[ 1.          0.5         0.11111111 ...,  0.07692308  0.07692308\n",
      "   0.07692308]\n",
      " [ 0.5         1.          0.09090909 ...,  0.06666667  0.06666667\n",
      "   0.06666667]\n",
      " [ 0.11111111  0.09090909  1.         ...,  0.55555556  0.55555556\n",
      "   0.55555556]\n",
      " ..., \n",
      " [ 0.07692308  0.06666667  0.55555556 ...,  1.          1.          1.        ]\n",
      " [ 0.07692308  0.06666667  0.55555556 ...,  1.          1.          1.        ]\n",
      " [ 0.07692308  0.06666667  0.55555556 ...,  1.          1.          1.        ]]\n",
      "\n",
      " Saving kernel matrix to file...\n",
      "\n",
      " Mean performance on train set: 35.348332\n",
      "With standard deviation: 0.727833\n",
      "\n",
      " Mean performance on test set: 35.604226\n",
      "With standard deviation: 4.539211\n",
      "\n",
      "\n",
      " #--- calculating kernel matrix when depth = 3.0 ---#\n",
      "\n",
      " Loading dataset from file...\n",
      "\n",
      " Calculating kernel matrix, this could take a while...\n",
      "\n",
      " --- kernel matrix of path kernel up to 3 of size 185 built in 0.5400393009185791 seconds ---\n",
      "[[ 1.          0.44444444  0.11111111 ...,  0.05555556  0.05555556\n",
      "   0.05555556]\n",
      " [ 0.44444444  1.          0.08333333 ...,  0.04761905  0.04761905\n",
      "   0.04761905]\n",
      " [ 0.11111111  0.08333333  1.         ...,  0.35714286  0.35714286\n",
      "   0.35714286]\n",
      " ..., \n",
      " [ 0.05555556  0.04761905  0.35714286 ...,  1.          1.          1.        ]\n",
      " [ 0.05555556  0.04761905  0.35714286 ...,  1.          1.          1.        ]\n",
      " [ 0.05555556  0.04761905  0.35714286 ...,  1.          1.          1.        ]]\n",
      "\n",
      " Saving kernel matrix to file...\n",
      "\n",
      " Mean performance on train set: 28.047646\n",
      "With standard deviation: 1.077805\n",
      "\n",
      " Mean performance on test set: 30.192177\n",
      "With standard deviation: 5.110324\n",
      "\n",
      "\n",
      " #--- calculating kernel matrix when depth = 4.0 ---#\n",
      "\n",
      " Loading dataset from file...\n",
      "\n",
      " Calculating kernel matrix, this could take a while...\n",
      "\n",
      " --- kernel matrix of path kernel up to 4 of size 185 built in 0.8054666519165039 seconds ---\n",
      "[[ 1.          0.44444444  0.11111111 ...,  0.04347826  0.04166667\n",
      "   0.04347826]\n",
      " [ 0.44444444  1.          0.08333333 ...,  0.03846154  0.03703704\n",
      "   0.03846154]\n",
      " [ 0.11111111  0.08333333  1.         ...,  0.26315789  0.25        0.26315789]\n",
      " ..., \n",
      " [ 0.04347826  0.03846154  0.26315789 ...,  1.          0.95        0.9       ]\n",
      " [ 0.04166667  0.03703704  0.25       ...,  0.95        1.          0.95      ]\n",
      " [ 0.04347826  0.03846154  0.26315789 ...,  0.9         0.95        1.        ]]\n",
      "\n",
      " Saving kernel matrix to file...\n"
     ]
    },
    {
     "name": "stdout",
     "output_type": "stream",
     "text": [
      "\n",
      " Mean performance on train set: 18.878595\n",
      "With standard deviation: 1.711897\n",
      "\n",
      " Mean performance on test set: 23.751530\n",
      "With standard deviation: 7.808559\n",
      "\n",
      "\n",
      " #--- calculating kernel matrix when depth = 5.0 ---#\n",
      "\n",
      " Loading dataset from file...\n",
      "\n",
      " Calculating kernel matrix, this could take a while...\n",
      "\n",
      " --- kernel matrix of path kernel up to 5 of size 185 built in 1.0195980072021484 seconds ---\n",
      "[[ 1.          0.44444444  0.11111111 ...,  0.03703704  0.03333333\n",
      "   0.03571429]\n",
      " [ 0.44444444  1.          0.08333333 ...,  0.03333333  0.03030303\n",
      "   0.03225806]\n",
      " [ 0.11111111  0.08333333  1.         ...,  0.2173913   0.19230769\n",
      "   0.20833333]\n",
      " ..., \n",
      " [ 0.03703704  0.03333333  0.2173913  ...,  1.          0.88461538\n",
      "   0.74074074]\n",
      " [ 0.03333333  0.03030303  0.19230769 ...,  0.88461538  1.          0.85185185]\n",
      " [ 0.03571429  0.03225806  0.20833333 ...,  0.74074074  0.85185185  1.        ]]\n",
      "\n",
      " Saving kernel matrix to file...\n",
      "\n",
      " Mean performance on train set: 16.339135\n",
      "With standard deviation: 1.397693\n",
      "\n",
      " Mean performance on test set: 23.482309\n",
      "With standard deviation: 7.727117\n",
      "\n",
      "\n",
      " #--- calculating kernel matrix when depth = 6.0 ---#\n",
      "\n",
      " Loading dataset from file...\n",
      "\n",
      " Calculating kernel matrix, this could take a while...\n",
      "\n",
      " --- kernel matrix of path kernel up to 6 of size 185 built in 1.2962956428527832 seconds ---\n",
      "[[ 1.          0.44444444  0.11111111 ...,  0.03333333  0.02857143\n",
      "   0.03030303]\n",
      " [ 0.44444444  1.          0.08333333 ...,  0.03030303  0.02631579\n",
      "   0.02777778]\n",
      " [ 0.11111111  0.08333333  1.         ...,  0.19230769  0.16129032\n",
      "   0.17241379]\n",
      " ..., \n",
      " [ 0.03333333  0.03030303  0.19230769 ...,  1.          0.83870968\n",
      "   0.57142857]\n",
      " [ 0.02857143  0.02631579  0.16129032 ...,  0.83870968  1.          0.71428571]\n",
      " [ 0.03030303  0.02777778  0.17241379 ...,  0.57142857  0.71428571  1.        ]]\n",
      "\n",
      " Saving kernel matrix to file...\n",
      "\n",
      " Mean performance on train set: 12.523830\n",
      "With standard deviation: 1.040404\n",
      "\n",
      " Mean performance on test set: 22.745367\n",
      "With standard deviation: 8.028051\n",
      "\n",
      "\n",
      " #--- calculating kernel matrix when depth = 7.0 ---#\n",
      "\n",
      " Loading dataset from file...\n",
      "\n",
      " Calculating kernel matrix, this could take a while...\n",
      "\n",
      " --- kernel matrix of path kernel up to 7 of size 185 built in 1.5462064743041992 seconds ---\n",
      "[[ 1.          0.44444444  0.11111111 ...,  0.03125     0.02564103\n",
      "   0.02631579]\n",
      " [ 0.44444444  1.          0.08333333 ...,  0.02857143  0.02380952\n",
      "   0.02439024]\n",
      " [ 0.11111111  0.08333333  1.         ...,  0.17857143  0.14285714\n",
      "   0.14705882]\n",
      " ..., \n",
      " [ 0.03125     0.02857143  0.17857143 ...,  1.          0.8         0.47619048]\n",
      " [ 0.02564103  0.02380952  0.14285714 ...,  0.8         1.          0.56818182]\n",
      " [ 0.02631579  0.02439024  0.14705882 ...,  0.47619048  0.56818182  1.        ]]\n",
      "\n",
      " Saving kernel matrix to file...\n",
      "\n",
      " Mean performance on train set: 11.371668\n",
      "With standard deviation: 0.925446\n",
      "\n",
      " Mean performance on test set: 22.831602\n",
      "With standard deviation: 7.978369\n",
      "\n",
      "\n",
      " #--- calculating kernel matrix when depth = 8.0 ---#\n",
      "\n",
      " Loading dataset from file...\n",
      "\n",
      " Calculating kernel matrix, this could take a while...\n",
      "\n",
      " --- kernel matrix of path kernel up to 8 of size 185 built in 1.8658208847045898 seconds ---\n",
      "[[ 1.          0.44444444  0.11111111 ...,  0.03030303  0.02439024\n",
      "   0.02325581]\n",
      " [ 0.44444444  1.          0.08333333 ...,  0.02777778  0.02272727\n",
      "   0.02173913]\n",
      " [ 0.11111111  0.08333333  1.         ...,  0.17241379  0.13513514\n",
      "   0.12820513]\n",
      " ..., \n",
      " [ 0.03030303  0.02777778  0.17241379 ...,  1.          0.73684211\n",
      "   0.41666667]\n",
      " [ 0.02439024  0.02272727  0.13513514 ...,  0.73684211  1.          0.49019608]\n",
      " [ 0.02325581  0.02173913  0.12820513 ...,  0.41666667  0.49019608  1.        ]]\n",
      "\n",
      " Saving kernel matrix to file...\n",
      "\n",
      " Mean performance on train set: 10.132106\n",
      "With standard deviation: 0.525580\n",
      "\n",
      " Mean performance on test set: 22.586071\n",
      "With standard deviation: 8.067887\n",
      "\n",
      "\n",
      " #--- calculating kernel matrix when depth = 9.0 ---#\n",
      "\n",
      " Loading dataset from file...\n",
      "\n",
      " Calculating kernel matrix, this could take a while...\n",
      "\n",
      " --- kernel matrix of path kernel up to 9 of size 185 built in 2.185042381286621 seconds ---\n",
      "[[ 1.          0.44444444  0.11111111 ...,  0.03030303  0.02439024\n",
      "   0.0212766 ]\n",
      " [ 0.44444444  1.          0.08333333 ...,  0.02777778  0.02272727  0.02      ]\n",
      " [ 0.11111111  0.08333333  1.         ...,  0.17241379  0.13513514\n",
      "   0.11627907]\n",
      " ..., \n",
      " [ 0.03030303  0.02777778  0.17241379 ...,  1.          0.73684211\n",
      "   0.38461538]\n",
      " [ 0.02439024  0.02272727  0.13513514 ...,  0.73684211  1.          0.45454545]\n",
      " [ 0.0212766   0.02        0.11627907 ...,  0.38461538  0.45454545  1.        ]]\n",
      "\n",
